rotation id: 0 Find IK: 1
 0.935414        -0 -0.353553    -0.735
        0         1        -0    -0.465
 0.353553         0  0.935414     0.175
        0         0         0         1
rotation id: 1 Find IK: 1
 0.633316        -0 -0.773893    -0.735
        0         1        -0    -0.465
 0.773893         0  0.633316     0.175
        0         0         0         1
rotation id: 2 Find IK: 1
 0.378467        -0 -0.925615    -0.735
        0         1        -0    -0.465
 0.925615         0  0.378467     0.175
        0         0         0         1
rotation id: 3 Find IK: 1
0.126004       -0 -0.99203   -0.735
       0        1       -0   -0.465
 0.99203        0 0.126004    0.175
       0        0        0        1
rotation id: 4 Find IK: 1
-0.126004        -0  -0.99203    -0.735
        0         1        -0    -0.465
  0.99203         0 -0.126004     0.175
        0         0         0         1
rotation id: 5 Find IK: 1
-0.378467        -0 -0.925615    -0.735
        0         1        -0    -0.465
 0.925615         0 -0.378467     0.175
        0         0         0         1
rotation id: 6 Find IK: 1
-0.633316         0 -0.773893    -0.735
        0         1         0    -0.465
 0.773893         0 -0.633316     0.175
        0         0         0         1
rotation id: 7 Find IK: 1
-0.935414         0 -0.353553    -0.735
        0         1         0    -0.465
 0.353553         0 -0.935414     0.175
        0         0         0         1
rotation id: 8 Find IK: 1
   0.661438    0.661438   -0.353553      -0.735
  -0.707107    0.707107 2.77556e-17      -0.465
       0.25        0.25    0.935414       0.175
          0           0           0           1
rotation id: 9 Find IK: 1
   0.447822    0.447822   -0.773893      -0.735
  -0.707107    0.707107 8.32667e-16      -0.465
   0.547225    0.547225    0.633316       0.175
          0           0           0           1
rotation id: 10 Find IK: 1
   0.267617    0.267617   -0.925615      -0.735
  -0.707107    0.707107 4.44089e-16      -0.465
   0.654508    0.654508    0.378467       0.175
          0           0           0           1
rotation id: 11 Find IK: 1
  0.0890985   0.0890985    -0.99203      -0.735
  -0.707107    0.707107 6.66134e-16      -0.465
   0.701471    0.701471    0.126004       0.175
          0           0           0           1
rotation id: 12 Find IK: 1
  -0.0890985   -0.0890985     -0.99203       -0.735
   -0.707107     0.707107 -6.66134e-16       -0.465
    0.701471     0.701471    -0.126004        0.175
           0            0            0            1
rotation id: 13 Find IK: 1
   -0.267617    -0.267617    -0.925615       -0.735
   -0.707107     0.707107 -4.44089e-16       -0.465
    0.654508     0.654508    -0.378467        0.175
           0            0            0            1
rotation id: 14 Find IK: 1
   -0.447822    -0.447822    -0.773893       -0.735
   -0.707107     0.707107 -8.32667e-16       -0.465
    0.547225     0.547225    -0.633316        0.175
           0            0            0            1
rotation id: 15 Find IK: 1
   -0.661438    -0.661438    -0.353553       -0.735
   -0.707107     0.707107 -2.77556e-17       -0.465
        0.25         0.25    -0.935414        0.175
           0            0            0            1
rotation id: 16 Find IK: 1
        0  0.935414 -0.353553    -0.735
       -1         0         0    -0.465
        0  0.353553  0.935414     0.175
        0         0         0         1
rotation id: 17 Find IK: 1
-2.22045e-16     0.633316    -0.773893       -0.735
          -1 -2.22045e-16            0       -0.465
           0     0.773893     0.633316        0.175
           0            0            0            1
rotation id: 18 Find IK: 1
-8.88178e-16     0.378467    -0.925615       -0.735
          -1 -8.88178e-16            0       -0.465
           0     0.925615     0.378467        0.175
           0            0            0            1
rotation id: 19 Find IK: 1
4.44089e-16    0.126004    -0.99203      -0.735
         -1 4.44089e-16           0      -0.465
          0     0.99203    0.126004       0.175
          0           0           0           1
rotation id: 20 Find IK: 1
4.44089e-16   -0.126004    -0.99203      -0.735
         -1 4.44089e-16           0      -0.465
          0     0.99203   -0.126004       0.175
          0           0           0           1
rotation id: 21 Find IK: 1
-8.88178e-16    -0.378467    -0.925615       -0.735
          -1 -8.88178e-16            0       -0.465
           0     0.925615    -0.378467        0.175
           0            0            0            1
rotation id: 22 Find IK: 1
-2.22045e-16    -0.633316    -0.773893       -0.735
          -1 -2.22045e-16            0       -0.465
           0     0.773893    -0.633316        0.175
           0            0            0            1
rotation id: 23 Find IK: 1
        0 -0.935414 -0.353553    -0.735
       -1         0         0    -0.465
        0  0.353553 -0.935414     0.175
        0         0         0         1
rotation id: 24 Find IK: 1
   -0.661438     0.661438    -0.353553       -0.735
   -0.707107    -0.707107 -2.77556e-17       -0.465
       -0.25         0.25     0.935414        0.175
           0            0            0            1
rotation id: 25 Find IK: 1
   -0.447822     0.447822    -0.773893       -0.735
   -0.707107    -0.707107 -8.32667e-16       -0.465
   -0.547225     0.547225     0.633316        0.175
           0            0            0            1
rotation id: 26 Find IK: 1
   -0.267617     0.267617    -0.925615       -0.735
   -0.707107    -0.707107 -4.44089e-16       -0.465
   -0.654508     0.654508     0.378467        0.175
           0            0            0            1
rotation id: 27 Find IK: 1
  -0.0890985    0.0890985     -0.99203       -0.735
   -0.707107    -0.707107 -6.66134e-16       -0.465
   -0.701471     0.701471     0.126004        0.175
           0            0            0            1
rotation id: 28 Find IK: 1
  0.0890985  -0.0890985    -0.99203      -0.735
  -0.707107   -0.707107 6.66134e-16      -0.465
  -0.701471    0.701471   -0.126004       0.175
          0           0           0           1
rotation id: 29 Find IK: 1
   0.267617   -0.267617   -0.925615      -0.735
  -0.707107   -0.707107 4.44089e-16      -0.465
  -0.654508    0.654508   -0.378467       0.175
          0           0           0           1
rotation id: 30 Find IK: 1
   0.447822   -0.447822   -0.773893      -0.735
  -0.707107   -0.707107 8.32667e-16      -0.465
  -0.547225    0.547225   -0.633316       0.175
          0           0           0           1
rotation id: 31 Find IK: 1
   0.661438   -0.661438   -0.353553      -0.735
  -0.707107   -0.707107 2.77556e-17      -0.465
      -0.25        0.25   -0.935414       0.175
          0           0           0           1
rotation id: 32 Find IK: 1
-0.935414         0 -0.353553    -0.735
       -0        -1         0    -0.465
-0.353553         0  0.935414     0.175
        0         0         0         1
rotation id: 33 Find IK: 1
-0.633316         0 -0.773893    -0.735
       -0        -1         0    -0.465
-0.773893         0  0.633316     0.175
        0         0         0         1
rotation id: 34 Find IK: 1
-0.378467         0 -0.925615    -0.735
       -0        -1         0    -0.465
-0.925615         0  0.378467     0.175
        0         0         0         1
rotation id: 35 Find IK: 1
-0.126004        0 -0.99203   -0.735
      -0       -1        0   -0.465
-0.99203        0 0.126004    0.175
       0        0        0        1
rotation id: 36 Find IK: 1
 0.126004         0  -0.99203    -0.735
       -0        -1         0    -0.465
 -0.99203         0 -0.126004     0.175
        0         0         0         1
rotation id: 37 Find IK: 1
 0.378467         0 -0.925615    -0.735
       -0        -1         0    -0.465
-0.925615         0 -0.378467     0.175
        0         0         0         1
rotation id: 38 Find IK: 1
 0.633316         0 -0.773893    -0.735
       -0        -1         0    -0.465
-0.773893         0 -0.633316     0.175
        0         0         0         1
rotation id: 39 Find IK: 1
 0.935414         0 -0.353553    -0.735
       -0        -1         0    -0.465
-0.353553         0 -0.935414     0.175
        0         0         0         1
rotation id: 40 Find IK: 1
  -0.661438   -0.661438   -0.353553      -0.735
   0.707107   -0.707107 2.77556e-17      -0.465
      -0.25       -0.25    0.935414       0.175
          0           0           0           1
rotation id: 41 Find IK: 1
  -0.447822   -0.447822   -0.773893      -0.735
   0.707107   -0.707107 8.32667e-16      -0.465
  -0.547225   -0.547225    0.633316       0.175
          0           0           0           1
rotation id: 42 Find IK: 1
  -0.267617   -0.267617   -0.925615      -0.735
   0.707107   -0.707107 4.44089e-16      -0.465
  -0.654508   -0.654508    0.378467       0.175
          0           0           0           1
rotation id: 43 Find IK: 1
 -0.0890985  -0.0890985    -0.99203      -0.735
   0.707107   -0.707107 6.66134e-16      -0.465
  -0.701471   -0.701471    0.126004       0.175
          0           0           0           1
rotation id: 44 Find IK: 1
   0.0890985    0.0890985     -0.99203       -0.735
    0.707107    -0.707107 -6.66134e-16       -0.465
   -0.701471    -0.701471    -0.126004        0.175
           0            0            0            1
rotation id: 45 Find IK: 1
   0.267617    0.267617   -0.925615      -0.735
   0.707107   -0.707107 6.66134e-16      -0.465
  -0.654508   -0.654508   -0.378467       0.175
          0           0           0           1
rotation id: 46 Find IK: 1
    0.447822     0.447822    -0.773893       -0.735
    0.707107    -0.707107 -8.32667e-16       -0.465
   -0.547225    -0.547225    -0.633316        0.175
           0            0            0            1
rotation id: 47 Find IK: 1
    0.661438     0.661438    -0.353553       -0.735
    0.707107    -0.707107 -2.77556e-17       -0.465
       -0.25        -0.25    -0.935414        0.175
           0            0            0            1
rotation id: 48 Find IK: 1
        0 -0.935414 -0.353553    -0.735
        1         0         0    -0.465
        0 -0.353553  0.935414     0.175
        0         0         0         1
rotation id: 49 Find IK: 1
-2.22045e-16    -0.633316    -0.773893       -0.735
           1 -2.22045e-16            0       -0.465
           0    -0.773893     0.633316        0.175
           0            0            0            1
rotation id: 50 Find IK: 1
-8.88178e-16    -0.378467    -0.925615       -0.735
           1 -8.88178e-16            0       -0.465
           0    -0.925615     0.378467        0.175
           0            0            0            1
rotation id: 51 Find IK: 1
4.44089e-16   -0.126004    -0.99203      -0.735
          1 4.44089e-16           0      -0.465
          0    -0.99203    0.126004       0.175
          0           0           0           1
rotation id: 52 Find IK: 1
4.44089e-16    0.126004    -0.99203      -0.735
          1 4.44089e-16           0      -0.465
          0    -0.99203   -0.126004       0.175
          0           0           0           1
rotation id: 53 Find IK: 1
-8.88178e-16     0.378467    -0.925615       -0.735
           1 -8.88178e-16            0       -0.465
           0    -0.925615    -0.378467        0.175
           0            0            0            1
rotation id: 54 Find IK: 1
-2.22045e-16     0.633316    -0.773893       -0.735
           1 -2.22045e-16            0       -0.465
           0    -0.773893    -0.633316        0.175
           0            0            0            1
rotation id: 55 Find IK: 1
        0  0.935414 -0.353553    -0.735
        1         0         0    -0.465
        0 -0.353553 -0.935414     0.175
        0         0         0         1
rotation id: 56 Find IK: 1
    0.661438    -0.661438    -0.353553       -0.735
    0.707107     0.707107 -2.77556e-17       -0.465
        0.25        -0.25     0.935414        0.175
           0            0            0            1
rotation id: 57 Find IK: 1
    0.447822    -0.447822    -0.773893       -0.735
    0.707107     0.707107 -8.32667e-16       -0.465
    0.547225    -0.547225     0.633316        0.175
           0            0            0            1
rotation id: 58 Find IK: 1
   0.267617   -0.267617   -0.925615      -0.735
   0.707107    0.707107 2.22045e-16      -0.465
   0.654508   -0.654508    0.378467       0.175
          0           0           0           1
rotation id: 59 Find IK: 1
   0.0890985   -0.0890985     -0.99203       -0.735
    0.707107     0.707107 -6.66134e-16       -0.465
    0.701471    -0.701471     0.126004        0.175
           0            0            0            1
rotation id: 60 Find IK: 1
 -0.0890985   0.0890985    -0.99203      -0.735
   0.707107    0.707107 6.66134e-16      -0.465
   0.701471   -0.701471   -0.126004       0.175
          0           0           0           1
rotation id: 61 Find IK: 1
  -0.267617    0.267617   -0.925615      -0.735
   0.707107    0.707107 4.44089e-16      -0.465
   0.654508   -0.654508   -0.378467       0.175
          0           0           0           1
rotation id: 62 Find IK: 1
  -0.447822    0.447822   -0.773893      -0.735
   0.707107    0.707107 8.32667e-16      -0.465
   0.547225   -0.547225   -0.633316       0.175
          0           0           0           1
rotation id: 63 Find IK: 1
  -0.661438    0.661438   -0.353553      -0.735
   0.707107    0.707107 2.77556e-17      -0.465
       0.25       -0.25   -0.935414       0.175
          0           0           0           1
