Start rotation:********************************************************
Transform: 
 0.935414        -0 -0.353553    -0.735
        0         1        -0    -0.465
 0.353553         0  0.935414     0.175
        0         0         0         1
-2.91788,    -0.182549,    2,    0.375465,    0.5102,    2.24879,    -0.734448,    
Transform: 
 0.633316        -0 -0.773893    -0.735
        0         1        -0    -0.465
 0.773893         0  0.633316     0.175
        0         0         0         1
-2.91788,    -0.182549,    2,    0.375465,    0.864002,    1.82779,    -0.570058,    
Transform: 
 0.378467        -0 -0.925615    -0.735
        0         1        -0    -0.465
 0.925615         0  0.378467     0.175
        0         0         0         1
-2.91788,    -0.182549,    2,    0.375465,    1.02297,    1.57497,    -0.549149,    
Transform: 
0.126004       -0 -0.99203   -0.735
       0        1       -0   -0.465
 0.99203        0 0.126004    0.175
       0        0        0        1
-2.91788,    -0.182549,    2,    0.375465,    1.1618,    1.35233,    -0.564112,    
Transform: 
-0.126004        -0  -0.99203    -0.735
        0         1        -0    -0.465
  0.99203         0 -0.126004     0.175
        0         0         0         1
-2.91788,    -0.182549,    2,    0.375465,    1.30933,    1.14165,    -0.611392,    
Transform: 
-0.378467        -0 -0.925615    -0.735
        0         1        -0    -0.465
 0.925615         0 -0.378467     0.175
        0         0         0         1
-2.91788,    -0.182549,    2,    0.375465,    1.49518,    0.933986,    -0.706537,    
Transform: 
-0.633316         0 -0.773893    -0.735
        0         1         0    -0.465
 0.773893         0 -0.633316     0.175
        0         0         0         1
-2.91788,    -0.182549,    2,    0.375465,    1.7861,    0.725978,    -0.904696,    
Transform: 
-0.935414         0 -0.353553    -0.735
        0         1         0    -0.465
 0.353553         0 -0.935414     0.175
        0         0         0         1
-2.91788,    -0.182549,    2,    0.375465,    2.63822,    0.549535,    -1.60654,    
Transform: 
   0.661438    0.661438   -0.353553      -0.735
  -0.707107    0.707107 2.77556e-17      -0.465
       0.25        0.25    0.935414       0.175
          0           0           0           1
-2.91788,    -0.182549,    2,    0.375465,    -0.0440146,    1.6453,    -0.952486,    
Transform: 
   0.447822    0.447822   -0.773893      -0.735
  -0.707107    0.707107 8.32667e-16      -0.465
   0.547225    0.547225    0.633316       0.175
          0           0           0           1
-2.91788,    -0.182549,    2,    0.375465,    0.212653,    1.38029,    -0.59308,    
Transform: 
   0.267617    0.267617   -0.925615      -0.735
  -0.707107    0.707107 4.44089e-16      -0.465
   0.654508    0.654508    0.378467       0.175
          0           0           0           1
-2.91788,    -0.182549,    2,    0.375465,    0.317821,    1.19595,    -0.411286,    
Transform: 
  0.0890985   0.0890985    -0.99203      -0.735
  -0.707107    0.707107 6.66134e-16      -0.465
   0.701471    0.701471    0.126004       0.175
          0           0           0           1
-2.91788,    -0.182549,    2,    0.375465,    0.385361,    1.02121,    -0.255879,    
Transform: 
  -0.0890985   -0.0890985     -0.99203       -0.735
   -0.707107     0.707107 -6.66134e-16       -0.465
    0.701471     0.701471    -0.126004        0.175
           0            0            0            1
-2.91788,    -0.182549,    2,    0.375465,    0.424633,    0.845571,    -0.100194,    
Transform: 
   -0.267617    -0.267617    -0.925615       -0.735
   -0.707107     0.707107 -4.44089e-16       -0.465
    0.654508     0.654508    -0.378467        0.175
           0            0            0            1
-2.91788,    -0.182549,    2,    0.375465,    0.42684,    0.660722,    0.0838387,    
Transform: 
   -0.447822    -0.447822    -0.773893       -0.735
   -0.707107     0.707107 -8.32667e-16       -0.465
    0.547225     0.547225    -0.633316        0.175
           0            0            0            1
-2.91788,    -0.182549,    2,    0.375465,    0.337487,    0.455845,    0.371316,    
Transform: 
   -0.661438    -0.661438    -0.353553       -0.735
   -0.707107     0.707107 -2.77556e-17       -0.465
        0.25         0.25    -0.935414        0.175
           0            0            0            1
-2.91788,    -0.182549,    2,    0.375465,    -0.61126,    0.236871,    1.65042,    
Transform: 
        0  0.935414 -0.353553    -0.735
       -1         0         0    -0.465
        0  0.353553  0.935414     0.175
        0         0         0         1
-2.91788,    -0.182549,    2,    0.375465,    -0.545277,    1.02165,    -0.826179,    
Transform: 
-2.22045e-16     0.633316    -0.773893       -0.735
          -1 -2.22045e-16            0       -0.465
           0     0.773893     0.633316        0.175
           0            0            0            1
-2.91788,    -0.182549,    2,    0.375465,    -0.545277,    1.02165,    -0.30258,    
Transform: 
-8.88178e-16     0.378467    -0.925615       -0.735
          -1 -8.88178e-16            0       -0.465
           0     0.925615     0.378467        0.175
           0            0            0            1
-2.91788,    -0.182549,    2,    0.375465,    -0.545277,    1.02165,    -0.00488911,    
Transform: 
4.44089e-16    0.126004    -0.99203      -0.735
         -1 4.44089e-16           0      -0.465
          0     0.99203    0.126004       0.175
          0           0           0           1
-2.91788,    -0.182549,    2,    0.375465,    -0.545277,    1.02165,    0.25691,    
Transform: 
4.44089e-16   -0.126004    -0.99203      -0.735
         -1 4.44089e-16           0      -0.465
          0     0.99203   -0.126004       0.175
          0           0           0           1
-2.91788,    -0.182549,    2,    0.375465,    -0.545277,    1.02165,    0.509591,    
Transform: 
-8.88178e-16    -0.378467    -0.925615       -0.735
          -1 -8.88178e-16            0       -0.465
           0     0.925615    -0.378467        0.175
           0            0            0            1
-2.91788,    -0.182549,    2,    0.375465,    -0.545277,    1.02165,    0.77139,    
Transform: 
-2.22045e-16    -0.633316    -0.773893       -0.735
          -1 -2.22045e-16            0       -0.465
           0     0.773893    -0.633316        0.175
           0            0            0            1
-2.91788,    -0.182549,    2,    0.375465,    -0.545277,    1.02165,    1.06908,    
Transform: 
        0 -0.935414 -0.353553    -0.735
       -1         0         0    -0.465
        0  0.353553 -0.935414     0.175
        0         0         0         1
-2.91788,    -0.182549,    2,    0.375465,    -0.545277,    1.02165,    1.59268,    
Transform: 
   -0.661438     0.661438    -0.353553       -0.735
   -0.707107    -0.707107 -2.77556e-17       -0.465
       -0.25         0.25     0.935414        0.175
           0            0            0            1
-2.91788,    -0.182549,    2,    0.375465,    -1.51055,    0.6222,    -0.128072,    
Transform: 
   -0.447822     0.447822    -0.773893       -0.735
   -0.707107    -0.707107 -8.32667e-16       -0.465
   -0.547225     0.547225     0.633316        0.175
           0            0            0            1
-2.91788,    -0.182549,    2,    0.375465,    -1.48509,    0.989861,    0.228495,    
Transform: 
   -0.267617     0.267617    -0.925615       -0.735
   -0.707107    -0.707107 -4.44089e-16       -0.465
   -0.654508     0.654508     0.378467        0.175
           0            0            0            1
-2.91788,    -0.182549,    2,    0.375465,    -1.41133,    1.1896,    0.405462,    
Transform: 
  -0.0890985    0.0890985     -0.99203       -0.735
   -0.707107    -0.707107 -6.66134e-16       -0.465
   -0.701471     0.701471     0.126004        0.175
           0            0            0            1
-2.91788,    -0.182549,    2,    0.375465,    -1.32124,    1.35326,    0.564438,    
Transform: 
  0.0890985  -0.0890985    -0.99203      -0.735
  -0.707107   -0.707107 6.66134e-16      -0.465
  -0.701471    0.701471   -0.126004       0.175
          0           0           0           1
-2.91788,    -0.182549,    2,    0.375465,    -1.21275,    1.49587,    0.727722,    
Transform: 
   0.267617   -0.267617   -0.925615      -0.735
  -0.707107   -0.707107 4.44089e-16      -0.465
  -0.654508    0.654508   -0.378467       0.175
          0           0           0           1
-2.91788,    -0.182549,    2,    0.375465,    -1.0777,    1.62221,    0.911778,    
Transform: 
   0.447822   -0.447822   -0.773893      -0.735
  -0.707107   -0.707107 8.32667e-16      -0.465
  -0.547225    0.547225   -0.633316       0.175
          0           0           0           1
-2.91788,    -0.182549,    2,    0.375465,    -0.896975,    1.73121,    1.14224,    
Transform: 
   0.661438   -0.661438   -0.353553      -0.735
  -0.707107   -0.707107 2.77556e-17      -0.465
      -0.25        0.25   -0.935414       0.175
          0           0           0           1
-2.91788,    -0.182549,    2,    0.375465,    -0.529362,    1.8069,    1.58999,    
Transform: 
-0.935414         0 -0.353553    -0.735
       -0        -1         0    -0.465
-0.353553         0  0.935414     0.175
        0         0         0         1
-2.91788,    -0.182549,    2,    0.375465,    -2.63139,    0.892804,    0.734448,    
Transform: 
-0.633316         0 -0.773893    -0.735
       -0        -1         0    -0.465
-0.773893         0  0.633316     0.175
        0         0         0         1
-2.91788,    -0.182549,    2,    0.375465,    -2.27759,    1.3138,    0.570058,    
Transform: 
-0.378467         0 -0.925615    -0.735
       -0        -1         0    -0.465
-0.925615         0  0.378467     0.175
        0         0         0         1
-2.91788,    -0.182549,    2,    0.375465,    -2.11863,    1.56663,    0.549149,    
Transform: 
-0.126004        0 -0.99203   -0.735
      -0       -1        0   -0.465
-0.99203        0 0.126004    0.175
       0        0        0        1
-2.91788,    -0.182549,    2,    0.375465,    -1.9798,    1.78926,    0.564112,    
Transform: 
 0.126004         0  -0.99203    -0.735
       -0        -1         0    -0.465
 -0.99203         0 -0.126004     0.175
        0         0         0         1
-2.91788,    -0.182549,    2,    0.375465,    -1.83227,    1.99994,    0.611392,    
Transform: 
 0.378467         0 -0.925615    -0.735
       -0        -1         0    -0.465
-0.925615         0 -0.378467     0.175
        0         0         0         1
-2.91788,    -0.182549,    2,    0.375465,    -1.64642,    2.20761,    0.706537,    
Transform: 
 0.633316         0 -0.773893    -0.735
       -0        -1         0    -0.465
-0.773893         0 -0.633316     0.175
        0         0         0         1
-2.91788,    -0.182549,    2,    0.375465,    -1.35549,    2.41561,    0.904696,    
Transform: 
 0.935414         0 -0.353553    -0.735
       -0        -1         0    -0.465
-0.353553         0 -0.935414     0.175
        0         0         0         1
-2.91788,    -0.182549,    2,    0.375465,    -0.503369,    2.59206,    1.60654,    
Transform: 
  -0.661438   -0.661438   -0.353553      -0.735
   0.707107   -0.707107 2.77556e-17      -0.465
      -0.25       -0.25    0.935414       0.175
          0           0           0           1
-2.91788,    -0.182549,    2,    0.375465,    3.09758,    1.49629,    0.952486,    
Transform: 
  -0.447822   -0.447822   -0.773893      -0.735
   0.707107   -0.707107 8.32667e-16      -0.465
  -0.547225   -0.547225    0.633316       0.175
          0           0           0           1
-2.91788,    -0.182549,    2,    0.375465,    -2.92894,    1.7613,    0.59308,    
Transform: 
  -0.267617   -0.267617   -0.925615      -0.735
   0.707107   -0.707107 4.44089e-16      -0.465
  -0.654508   -0.654508    0.378467       0.175
          0           0           0           1
-2.91788,    -0.182549,    2,    0.375465,    -2.82377,    1.94564,    0.411286,    
Transform: 
 -0.0890985  -0.0890985    -0.99203      -0.735
   0.707107   -0.707107 6.66134e-16      -0.465
  -0.701471   -0.701471    0.126004       0.175
          0           0           0           1
-2.91788,    -0.182549,    2,    0.375465,    -2.75623,    2.12038,    0.255879,    
Transform: 
   0.0890985    0.0890985     -0.99203       -0.735
    0.707107    -0.707107 -6.66134e-16       -0.465
   -0.701471    -0.701471    -0.126004        0.175
           0            0            0            1
-2.91788,    -0.182549,    2,    0.375465,    -2.71696,    2.29602,    0.100194,    
Transform: 
   0.267617    0.267617   -0.925615      -0.735
   0.707107   -0.707107 6.66134e-16      -0.465
  -0.654508   -0.654508   -0.378467       0.175
          0           0           0           1
-2.91788,    -0.182549,    2,    0.375465,    -2.71475,    2.48087,    -0.0838387,    
Transform: 
    0.447822     0.447822    -0.773893       -0.735
    0.707107    -0.707107 -8.32667e-16       -0.465
   -0.547225    -0.547225    -0.633316        0.175
           0            0            0            1
-2.91788,    -0.182549,    2,    0.375465,    -2.80411,    2.68575,    -0.371316,    
Transform: 
    0.661438     0.661438    -0.353553       -0.735
    0.707107    -0.707107 -2.77556e-17       -0.465
       -0.25        -0.25    -0.935414        0.175
           0            0            0            1
-2.91788,    -0.182549,    2,    0.375465,    2.53033,    2.90472,    -1.65042,    
Transform: 
        0 -0.935414 -0.353553    -0.735
        1         0         0    -0.465
        0 -0.353553  0.935414     0.175
        0         0         0         1
-2.91788,    -0.182549,    2,    0.375465,    2.59632,    2.11994,    0.826179,    
Transform: 
-2.22045e-16    -0.633316    -0.773893       -0.735
           1 -2.22045e-16            0       -0.465
           0    -0.773893     0.633316        0.175
           0            0            0            1
-2.91788,    -0.182549,    2,    0.375465,    2.59632,    2.11994,    0.30258,    
Transform: 
-8.88178e-16    -0.378467    -0.925615       -0.735
           1 -8.88178e-16            0       -0.465
           0    -0.925615     0.378467        0.175
           0            0            0            1
-2.91788,    -0.182549,    2,    0.375465,    2.59632,    2.11994,    0.00488911,    
Transform: 
4.44089e-16   -0.126004    -0.99203      -0.735
          1 4.44089e-16           0      -0.465
          0    -0.99203    0.126004       0.175
          0           0           0           1
-2.91788,    -0.182549,    2,    0.375465,    2.59632,    2.11994,    -0.25691,    
Transform: 
4.44089e-16    0.126004    -0.99203      -0.735
          1 4.44089e-16           0      -0.465
          0    -0.99203   -0.126004       0.175
          0           0           0           1
-2.91788,    -0.182549,    2,    0.375465,    2.59632,    2.11994,    -0.509591,    
Transform: 
-8.88178e-16     0.378467    -0.925615       -0.735
           1 -8.88178e-16            0       -0.465
           0    -0.925615    -0.378467        0.175
           0            0            0            1
-2.91788,    -0.182549,    2,    0.375465,    2.59632,    2.11994,    -0.77139,    
Transform: 
-2.22045e-16     0.633316    -0.773893       -0.735
           1 -2.22045e-16            0       -0.465
           0    -0.773893    -0.633316        0.175
           0            0            0            1
-2.91788,    -0.182549,    2,    0.375465,    2.59632,    2.11994,    -1.06908,    
Transform: 
        0  0.935414 -0.353553    -0.735
        1         0         0    -0.465
        0 -0.353553 -0.935414     0.175
        0         0         0         1
-2.91788,    -0.182549,    2,    0.375465,    2.59632,    2.11994,    -1.59268,    
Transform: 
    0.661438    -0.661438    -0.353553       -0.735
    0.707107     0.707107 -2.77556e-17       -0.465
        0.25        -0.25     0.935414        0.175
           0            0            0            1
-2.91788,    -0.182549,    2,    0.375465,    1.63105,    2.51939,    0.128072,    
Transform: 
    0.447822    -0.447822    -0.773893       -0.735
    0.707107     0.707107 -8.32667e-16       -0.465
    0.547225    -0.547225     0.633316        0.175
           0            0            0            1
-2.91788,    -0.182549,    2,    0.375465,    1.65651,    2.15173,    -0.228495,    
Transform: 
   0.267617   -0.267617   -0.925615      -0.735
   0.707107    0.707107 2.22045e-16      -0.465
   0.654508   -0.654508    0.378467       0.175
          0           0           0           1
-2.91788,    -0.182549,    2,    0.375465,    1.73026,    1.95199,    -0.405462,    
Transform: 
   0.0890985   -0.0890985     -0.99203       -0.735
    0.707107     0.707107 -6.66134e-16       -0.465
    0.701471    -0.701471     0.126004        0.175
           0            0            0            1
-2.91788,    -0.182549,    2,    0.375465,    1.82035,    1.78833,    -0.564438,    
Transform: 
 -0.0890985   0.0890985    -0.99203      -0.735
   0.707107    0.707107 6.66134e-16      -0.465
   0.701471   -0.701471   -0.126004       0.175
          0           0           0           1
-2.91788,    -0.182549,    2,    0.375465,    1.92885,    1.64572,    -0.727722,    
Transform: 
  -0.267617    0.267617   -0.925615      -0.735
   0.707107    0.707107 4.44089e-16      -0.465
   0.654508   -0.654508   -0.378467       0.175
          0           0           0           1
-2.91788,    -0.182549,    2,    0.375465,    2.06389,    1.51938,    -0.911778,    
Transform: 
  -0.447822    0.447822   -0.773893      -0.735
   0.707107    0.707107 8.32667e-16      -0.465
   0.547225   -0.547225   -0.633316       0.175
          0           0           0           1
-2.91788,    -0.182549,    2,    0.375465,    2.24462,    1.41038,    -1.14224,    
Transform: 
  -0.661438    0.661438   -0.353553      -0.735
   0.707107    0.707107 2.77556e-17      -0.465
       0.25       -0.25   -0.935414       0.175
          0           0           0           1
-2.91788,    -0.182549,    2,    0.375465,    2.61223,    1.33469,    -1.58999,  