0.935414        0 0.353553   -0.735
       0        1        0   -0.465
-0.353553        0 0.935414    0.175
       0        0        0        1
0.633316        0 0.773893   -0.735
       0        1        0   -0.465
-0.773893        0 0.633316    0.175
       0        0        0        1
0.378467        0 0.925615   -0.735
       0        1        0   -0.465
-0.925615        0 0.378467    0.175
       0        0        0        1
0.126004        0  0.99203   -0.735
       0        1        0   -0.465
-0.99203        0 0.126004    0.175
       0        0        0        1
-0.126004         0   0.99203    -0.735
        0         1         0    -0.465
 -0.99203         0 -0.126004     0.175
        0         0         0         1
-0.378467         0  0.925615    -0.735
        0         1         0    -0.465
-0.925615         0 -0.378467     0.175
        0         0         0         1
-0.633316         0  0.773893    -0.735
        0         1         0    -0.465
-0.773893         0 -0.633316     0.175
        0         0         0         1
-0.935414         0  0.353553    -0.735
        0         1         0    -0.465
-0.353553         0 -0.935414     0.175
        0         0         0         1
   0.661438   -0.707107        0.25      -0.735
   0.661438    0.707107        0.25      -0.465
  -0.353553 2.77556e-17    0.935414       0.175
          0           0           0           1
   0.447822   -0.707107    0.547225      -0.735
   0.447822    0.707107    0.547225      -0.465
  -0.773893 8.32667e-16    0.633316       0.175
          0           0           0           1
   0.267617   -0.707107    0.654508      -0.735
   0.267617    0.707107    0.654508      -0.465
  -0.925615 4.44089e-16    0.378467       0.175
          0           0           0           1
  0.0890985   -0.707107    0.701471      -0.735
  0.0890985    0.707107    0.701471      -0.465
   -0.99203 6.66134e-16    0.126004       0.175
          0           0           0           1
  -0.0890985    -0.707107     0.701471       -0.735
  -0.0890985     0.707107     0.701471       -0.465
    -0.99203 -6.66134e-16    -0.126004        0.175
           0            0            0            1
   -0.267617    -0.707107     0.654508       -0.735
   -0.267617     0.707107     0.654508       -0.465
   -0.925615 -4.44089e-16    -0.378467        0.175
           0            0            0            1
   -0.447822    -0.707107     0.547225       -0.735
   -0.447822     0.707107     0.547225       -0.465
   -0.773893 -8.32667e-16    -0.633316        0.175
           0            0            0            1
   -0.661438    -0.707107         0.25       -0.735
   -0.661438     0.707107         0.25       -0.465
   -0.353553 -2.77556e-17    -0.935414        0.175
           0            0            0            1
       0       -1        0   -0.735
0.935414        0 0.353553   -0.465
-0.353553        0 0.935414    0.175
       0        0        0        1
-2.22045e-16           -1            0       -0.735
    0.633316 -2.22045e-16     0.773893       -0.465
   -0.773893            0     0.633316        0.175
           0            0            0            1
-8.88178e-16           -1            0       -0.735
    0.378467 -8.88178e-16     0.925615       -0.465
   -0.925615            0     0.378467        0.175
           0            0            0            1
4.44089e-16          -1           0      -0.735
   0.126004 4.44089e-16     0.99203      -0.465
   -0.99203           0    0.126004       0.175
          0           0           0           1
4.44089e-16          -1           0      -0.735
  -0.126004 4.44089e-16     0.99203      -0.465
   -0.99203           0   -0.126004       0.175
          0           0           0           1
 7.77156e-16           -1  1.16573e-15       -0.735
   -0.378467  7.77156e-16     0.925615       -0.465
   -0.925615 -1.16573e-15    -0.378467        0.175
           0            0            0            1
-2.22045e-16           -1            0       -0.735
   -0.633316 -2.22045e-16     0.773893       -0.465
   -0.773893            0    -0.633316        0.175
           0            0            0            1
        0        -1         0    -0.735
-0.935414         0  0.353553    -0.465
-0.353553         0 -0.935414     0.175
        0         0         0         1
   -0.661438    -0.707107        -0.25       -0.735
    0.661438    -0.707107         0.25       -0.465
   -0.353553 -2.77556e-17     0.935414        0.175
           0            0            0            1
   -0.447822    -0.707107    -0.547225       -0.735
    0.447822    -0.707107     0.547225       -0.465
   -0.773893 -8.32667e-16     0.633316        0.175
           0            0            0            1
   -0.267617    -0.707107    -0.654508       -0.735
    0.267617    -0.707107     0.654508       -0.465
   -0.925615 -4.44089e-16     0.378467        0.175
           0            0            0            1
  -0.0890985    -0.707107    -0.701471       -0.735
   0.0890985    -0.707107     0.701471       -0.465
    -0.99203 -6.66134e-16     0.126004        0.175
           0            0            0            1
  0.0890985   -0.707107   -0.701471      -0.735
 -0.0890985   -0.707107    0.701471      -0.465
   -0.99203 6.66134e-16   -0.126004       0.175
          0           0           0           1
   0.267617   -0.707107   -0.654508      -0.735
  -0.267617   -0.707107    0.654508      -0.465
  -0.925615 4.44089e-16   -0.378467       0.175
          0           0           0           1
   0.447822   -0.707107   -0.547225      -0.735
  -0.447822   -0.707107    0.547225      -0.465
  -0.773893 8.32667e-16   -0.633316       0.175
          0           0           0           1
   0.661438   -0.707107       -0.25      -0.735
  -0.661438   -0.707107        0.25      -0.465
  -0.353553 2.77556e-17   -0.935414       0.175
          0           0           0           1
-0.935414        -0 -0.353553    -0.735
        0        -1         0    -0.465
-0.353553         0  0.935414     0.175
        0         0         0         1
-0.633316        -0 -0.773893    -0.735
        0        -1         0    -0.465
-0.773893         0  0.633316     0.175
        0         0         0         1
-0.378467        -0 -0.925615    -0.735
        0        -1         0    -0.465
-0.925615         0  0.378467     0.175
        0         0         0         1
-0.126004       -0 -0.99203   -0.735
       0       -1        0   -0.465
-0.99203        0 0.126004    0.175
       0        0        0        1
 0.126004        -0  -0.99203    -0.735
        0        -1         0    -0.465
 -0.99203         0 -0.126004     0.175
        0         0         0         1
 0.378467        -0 -0.925615    -0.735
        0        -1         0    -0.465
-0.925615         0 -0.378467     0.175
        0         0         0         1
 0.633316        -0 -0.773893    -0.735
        0        -1         0    -0.465
-0.773893         0 -0.633316     0.175
        0         0         0         1
 0.935414        -0 -0.353553    -0.735
        0        -1         0    -0.465
-0.353553         0 -0.935414     0.175
        0         0         0         1
  -0.661438    0.707107       -0.25      -0.735
  -0.661438   -0.707107       -0.25      -0.465
  -0.353553 2.77556e-17    0.935414       0.175
          0           0           0           1
  -0.447822    0.707107   -0.547225      -0.735
  -0.447822   -0.707107   -0.547225      -0.465
  -0.773893 8.32667e-16    0.633316       0.175
          0           0           0           1
  -0.267617    0.707107   -0.654508      -0.735
  -0.267617   -0.707107   -0.654508      -0.465
  -0.925615 4.44089e-16    0.378467       0.175
          0           0           0           1
 -0.0890985    0.707107   -0.701471      -0.735
 -0.0890985   -0.707107   -0.701471      -0.465
   -0.99203 6.66134e-16    0.126004       0.175
          0           0           0           1
   0.0890985     0.707107    -0.701471       -0.735
   0.0890985    -0.707107    -0.701471       -0.465
    -0.99203 -6.66134e-16    -0.126004        0.175
           0            0            0            1
    0.267617     0.707107    -0.654508       -0.735
    0.267617    -0.707107    -0.654508       -0.465
   -0.925615 -4.44089e-16    -0.378467        0.175
           0            0            0            1
    0.447822     0.707107    -0.547225       -0.735
    0.447822    -0.707107    -0.547225       -0.465
   -0.773893 -8.32667e-16    -0.633316        0.175
           0            0            0            1
    0.661438     0.707107        -0.25       -0.735
    0.661438    -0.707107        -0.25       -0.465
   -0.353553 -2.77556e-17    -0.935414        0.175
           0            0            0            1
        0         1         0    -0.735
-0.935414         0 -0.353553    -0.465
-0.353553         0  0.935414     0.175
        0         0         0         1
-2.22045e-16            1            0       -0.735
   -0.633316 -2.22045e-16    -0.773893       -0.465
   -0.773893            0     0.633316        0.175
           0            0            0            1
-8.88178e-16            1            0       -0.735
   -0.378467 -8.88178e-16    -0.925615       -0.465
   -0.925615            0     0.378467        0.175
           0            0            0            1
4.44089e-16           1           0      -0.735
  -0.126004 4.44089e-16    -0.99203      -0.465
   -0.99203           0    0.126004       0.175
          0           0           0           1
4.44089e-16           1           0      -0.735
   0.126004 4.44089e-16    -0.99203      -0.465
   -0.99203           0   -0.126004       0.175
          0           0           0           1
-8.88178e-16            1 -1.16573e-15       -0.735
    0.378467 -8.88178e-16    -0.925615       -0.465
   -0.925615 -1.16573e-15    -0.378467        0.175
           0            0            0            1
-2.22045e-16            1            0       -0.735
    0.633316 -2.22045e-16    -0.773893       -0.465
   -0.773893            0    -0.633316        0.175
           0            0            0            1
        0         1         0    -0.735
 0.935414         0 -0.353553    -0.465
-0.353553         0 -0.935414     0.175
        0         0         0         1
    0.661438     0.707107         0.25       -0.735
   -0.661438     0.707107        -0.25       -0.465
   -0.353553 -2.77556e-17     0.935414        0.175
           0            0            0            1
    0.447822     0.707107     0.547225       -0.735
   -0.447822     0.707107    -0.547225       -0.465
   -0.773893 -8.32667e-16     0.633316        0.175
           0            0            0            1
    0.267617     0.707107     0.654508       -0.735
   -0.267617     0.707107    -0.654508       -0.465
   -0.925615 -4.44089e-16     0.378467        0.175
           0            0            0            1
   0.0890985     0.707107     0.701471       -0.735
  -0.0890985     0.707107    -0.701471       -0.465
    -0.99203 -6.66134e-16     0.126004        0.175
           0            0            0            1
 -0.0890985    0.707107    0.701471      -0.735
  0.0890985    0.707107   -0.701471      -0.465
   -0.99203 6.66134e-16   -0.126004       0.175
          0           0           0           1
  -0.267617    0.707107    0.654508      -0.735
   0.267617    0.707107   -0.654508      -0.465
  -0.925615 4.44089e-16   -0.378467       0.175
          0           0           0           1
  -0.447822    0.707107    0.547225      -0.735
   0.447822    0.707107   -0.547225      -0.465
  -0.773893 8.32667e-16   -0.633316       0.175
          0           0           0           1
  -0.661438    0.707107        0.25      -0.735
   0.661438    0.707107       -0.25      -0.465
  -0.353553 2.77556e-17   -0.935414       0.175
          0           0           0           1
